Годы;Год. доб. нефти, тыс.т;Нак. доб. нефти, тыс.т;Год. доб. воды, тыс.т;Нак. доб. воды, тыс.т;Год. доб. газа, млн.м3;Нак. доб. газа, млн.м3;Дебит нефти, т/сут;Дебит воды, т/сут;Дебит жидк., т/сут;Обводнен-ность, %;по нефти;по жидкости;Пласт. давление, МПа;Забойное давление, МПа;Туст, 0С
1;2,63;2,63;9,94;9,94;0,45;0,45;7,34;27,79;35,13;79,11;172,77;36,09;16,86;5,00;23,56
2;2,47;5,09;7,37;17,31;0,44;0,89;6,90;20,59;27,49;74,90;177,46;44,55;16,00;5,00;19,75
3;2,28;7,37;6,01;23,32;0,42;1,31;6,38;16,80;23,18;72,49;184,08;50,65;15,37;5,00;17,59
4;2,09;9,47;5,18;28,49;0,40;1,71;5,85;14,47;20,32;71,23;191,89;55,21;14,92;5,00;16,16
5;1,93;11,39;4,70;33,19;0,39;2,10;5,38;13,13;18,52;70,93;200,05;58,15;14,56;5,00;15,26
6;1,76;13,16;4,33;37,52;0,37;2,47;4,93;12,11;17,04;71,05;208,39;60,32;14,25;5,00;14,52
7;1,62;14,78;4,06;41,58;0,35;2,82;4,54;11,35;15,89;71,43;216,86;61,96;13,97;5,00;13,95
8;1,49;16,28;3,84;45,42;0,34;3,16;4,18;10,72;14,90;71,95;225,76;63,31;13,71;5,00;13,45
9;1,38;17,66;3,65;49,07;0,32;3,48;3,86;10,21;14,07;72,55;234,95;64,48;13,46;5,00;13,03
10;1,27;18,93;3,47;52,54;0,31;3,79;3,55;9,70;13,25;73,22;244,68;65,52;13,23;5,00;12,63
11;1,17;20,10;3,32;55,86;0,30;4,09;3,27;9,28;12,55;73,92;257,40;67,12;13,00;5,00;12,28
12;1,08;21,18;3,18;59,04;0,30;4,39;3,03;8,89;11,92;74,60;275,68;70,02;12,78;5,00;11,96
13;1,01;22,19;3,06;62,11;0,30;4,69;2,82;8,57;11,39;75,23;292,91;72,55;12,58;5,00;11,69
14;0,94;23,13;2,94;65,05;0,29;4,98;2,62;8,22;10,84;75,85;309,12;74,65;12,38;5,00;11,42
15;0,87;24,00;2,84;67,89;0,28;5,26;2,44;7,94;10,38;76,46;324,39;76,36;12,19;5,00;11,19
16;0,82;24,82;2,75;70,63;0,28;5,54;2,29;7,68;9,97;77,06;338,72;77,71;12,01;5,00;10,98
17;0,77;25,59;2,67;73,31;0,27;5,81;2,16;7,47;9,62;77,58;351,36;78,76;11,84;5,00;10,81
18;0,73;26,32;2,59;75,89;0,26;6,07;2,03;7,23;9,26;78,08;363,35;79,64;11,67;5,00;10,63
19;0,69;27,00;2,51;78,41;0,26;6,33;1,92;7,03;8,95;78,55;374,89;80,42;11,52;5,00;10,48
20;0,65;27,65;2,46;80,86;0,25;6,58;1,82;6,86;8,68;79,04;386,09;80,93;11,37;5,00;10,34
21;0,62;28,27;2,44;83,30;0,25;6,83;1,73;6,82;8,55;79,74;397,17;80,48;11,24;5,00;10,28
22;0,59;28,86;2,39;85,69;0,24;7,07;1,64;6,69;8,34;80,27;407,77;80,45;11,10;5,00;10,17
23;0,56;29,42;2,35;88,05;0,23;7,30;1,57;6,57;8,14;80,72;417,80;80,55;10,98;5,00;10,07
24;0,54;29,96;2,31;90,35;0,23;7,53;1,51;6,46;7,96;81,06;425,98;80,70;10,86;5,00;9,98
25;0,52;30,49;2,27;92,63;0,23;7,76;1,46;6,36;7,82;81,30;432,53;80,88;10,75;5,00;9,91
26;0,51;30,99;2,23;94,86;0,22;7,98;1,41;6,23;7,65;81,52;438,45;81,03;10,65;5,00;9,82
27;0,49;31,48;2,19;97,05;0,22;8,20;1,37;6,13;7,50;81,74;444,38;81,14;10,55;5,00;9,75
28;0,47;31,95;2,16;99,21;0,21;8,41;1,32;6,03;7,35;81,99;450,84;81,22;10,45;5,00;9,68
29;0,46;32,41;2,13;101,34;0,21;8,62;1,28;5,95;7,23;82,24;457,39;81,24;10,35;5,00;9,62
30;0,44;32,86;2,09;103,43;0,21;8,83;1,24;5,84;7,08;82,51;464,22;81,21;10,25;5,00;9,54
31;0,43;33,29;2,09;105,51;0,20;9,03;1,20;5,83;7,03;82,99;471,38;80,20;10,18;5,00;9,52
32;0,41;33,70;2,11;107,62;0,20;9,23;1,16;5,90;7,06;83,63;478,47;78,30;10,10;5,00;9,53
33;0,40;34,10;2,12;109,74;0,19;9,42;1,12;5,92;7,04;84,07;484,82;77,22;10,02;5,00;9,52
34;0,39;34,49;2,11;111,85;0,19;9,61;1,08;5,89;6,97;84,45;490,93;76,33;9,94;5,00;9,49
35;0,38;34,86;2,10;113,95;0,19;9,80;1,05;5,87;6,92;84,77;496,07;75,54;9,87;5,00;9,46
36;0,37;35,23;2,09;116,04;0,18;9,98;1,02;5,84;6,86;85,08;501,55;74,82;9,79;5,00;9,43
37;0,36;35,59;2,08;118,12;0,18;10,16;1,00;5,82;6,82;85,38;507,56;74,18;9,71;5,00;9,41
38;0,35;35,93;2,06;120,18;0,18;10,34;0,96;5,77;6,73;85,67;513,64;73,58;9,64;5,00;9,37
39;0,34;36,27;2,05;122,23;0,17;10,51;0,94;5,73;6,67;85,96;519,43;72,94;9,56;5,00;9,34
40;0,33;36,59;2,04;124,27;0,17;10,68;0,91;5,70;6,61;86,22;524,92;72,32;9,49;5,00;9,30
41;0,32;36,91;2,03;126,30;0,17;10,85;0,89;5,68;6,56;86,47;530,46;71,76;9,42;5,00;9,28
42;0,31;37,22;2,01;128,31;0,17;11,02;0,86;5,62;6,48;86,69;535,20;71,24;9,35;5,00;9,24
43;0,30;37,52;2,00;130,31;0,16;11,18;0,84;5,58;6,42;86,90;539,94;70,74;9,29;5,00;9,21
